0,3,70,0,0,宿舍路1,去吃饭
1,3,50,0,0,宿舍路2,去吃饭
2,5,70,0,0,宿舍路3,去星湖园
3,6,80,0,0,主干道A,吃完去广场
5,6,100,0,0,主干道B,星湖园去广场
4,3,50,0,0,快递路,取完件吃饭
6,7,70,0,0,出门路,去大门
7,8,50,0,0,过街路,进地道
8,9,60,0,0,地道,有点黑
9,10,60,0,0,进校路,看到草坪
10,11,70,0,0,广场路,去超市
10,13,100,0,0,大路,通往绝望坡
10,16,80,0,0,小径,通往百步梯
10,12,150,0,0,绕远路A,去操场
12,19,150,0,0,绕远路B,操场去万林
19,21,120,0,0,平坦路,去梅园吃饭
21,22,100,0,0,梅园路,吃完去人文馆
13,14,100,0,1,绝望坡下段,很陡
14,15,100,0,1,绝望坡上段,更陡了
15,23,80,0,0,坡顶路,去行政楼
16,17,50,1,1,百步梯下段,全是台阶
17,18,50,1,1,百步梯上段,膝盖杀手
18,15,40,0,0,汇合路,爬完楼梯汇合
18,23,60,0,0,行政路,去行政楼
23,24,80,0,0,樱花大道,风景好
24,25,60,0,0,山顶路,去理学楼
25,26,70,0,0,学霸路,去教四
26,27,60,0,0,冲刺路,去教五
22,27,120,0,0,侧门路,人文馆去教五
15,22,150,0,0,坡顶岔路,去人文馆
20,21,80,0,0,湖边路,鉴湖去食堂
19,20,70,0,0,万林路,去鉴湖
11,13,60,0,0,补给路,买完水去爬坡
1,5,100,0,0,串门路,去隔壁食堂
27,28,100,0,0,放学路,去枫园
28,29,120,0,0,下山路,去山庄
29,22,80,0,0,教师路,山庄去人文馆
12,5,300,0,0,超远路,操场回信部
24,15,100,0,0,观光路,看樱花
22,26,100,0,0,教学区路,人文馆去教四